Name: Archontoulis_PokeMe             
Serial #:  2543 
Datum: WGS 84
Soil Compation In KPa
Longitude,Latitude,Number,0.0 cm,2.5 cm,5.0 cm,7.5 cm,10.0 cm,12.5 cm,15.0 cm,17.5 cm,20.0 cm,22.5 cm,25.0 cm,27.5 cm,30.0 cm,32.5 cm,35.0 cm,37.5 cm,40.0 cm,42.5 cm,45.0 cm,Cone Size
,,Logger Started
,,Logger Started
,,Logger Started
,,Logger Started
,,N= 1 , 172 , 1070 , 1138 , 724 , 759 , 1449 , 1414 , 1311 , 1449 , 828 , 0 , 0 , 0 , 0 , 0 , 0 , 0 , 0 , 0 ,1/2 Inch
,,N= 2 , 34 , 69 , 759 , 1622 , 104 , 0 , 0 , 0 , 0 , 0 , 0 , 0 , 0 , 0 , 0 , 0 , 0 , 0 , 0 ,1/2 Inch
,,Logger Started
,,Logger Started
,,N= 1 , 172 , 0 , 0 , 0 , 0 , 242 , 0 , 0 , 0 , 0 , 0 , 0 , 0 , 0 , 0 , 0 , 0 , 0 , 0 ,1/2 Inch
,,N= 2 , 34 , 0 , 0 , 0 , 0 , 0 , 34 , 69 , 0 , 0 , 0 , 0 , 0 , 0 , 0 , 0 , 0 , 0 , 0 ,1/2 Inch
,,Logger Started
,,N= 1 , 69 , 69 , 0 , 0 , 104 , 0 , 0 , 0 , 0 , 0 , 0 , 0 , 0 , 0 , 0 , 0 , 0 , 0 , 0 ,1/2 Inch
,,Logger Started
,,N= 1 , 104 , 138 , 3140 , 0 , 2622 , 2450 , 2622 , 4347 , 3692 , 3174 , 2898 , 3036 , 2864 , 2553 , 2484 , 2242 , 0 , 0 , 0 ,1/2 Inch
,,Logger Started
,,Logger Started
,,N= 1 , 276 , 414 , 621 , 724 , 1000 , 1690 , 1311 , 1552 , 1449 , 1208 , 1276 , 1276 , 1242 , 1242 , 1138 , 1104 , 966 , 0 , 0 ,1/2 Inch
,,N= 2 , 34 , 448 , 966 , 932 , 932 , 794 , 1414 , 1311 , 1276 , 1414 , 1518 , 1484 , 1276 , 1242 , 1173 , 1173 , 1208 , 0 , 0 ,1/2 Inch
,,Logger Started
,,Logger Started
,,Logger Started
,,N= 1 , 69 , 34 , 448 , 759 , 1000 , 1070 , 1276 , 1311 , 1276 , 1449 , 1449 , 1414 , 1552 , 1414 , 1208 , 1208 , 1173 , 1138 , 0 ,1/2 Inch
,,N= 2 , 34 , 34 , 172 , 414 , 483 , 518 , 759 , 897 , 1104 , 1242 , 0 , 0 , 0 , 0 , 0 , 0 , 0 , 0 , 0 ,1/2 Inch
,,N= 3 , 448 , 414 , 621 , 966 , 1104 , 1311 , 1070 , 1138 , 1414 , 1311 , 1518 , 1414 , 1276 , 1208 , 0 , 0 , 0 , 0 , 0 ,1/2 Inch
,,N= 4 , 69 , 104 , 621 , 724 , 862 , 862 , 1070 , 1104 , 1104 , 1173 , 1138 , 1208 , 1070 , 1138 , 1138 , 0 , 0 , 0 , 0 ,1/2 Inch
,,N= 5 , 69 , 69 , 310 , 828 , 932 , 794 , 932 , 1104 , 1104 , 1104 , 1276 , 1414 , 1414 , 1414 , 1173 , 1000 , 1000 , 1070 , 0 ,1/2 Inch
,,N= 6 , 34 , 518 , 932 , 1173 , 1104 , 1208 , 1552 , 1932 , 1898 , 1828 , 1760 , 2036 , 2104 , 1828 , 1760 , 1863 , 1414 , 0 , 0 ,1/2 Inch
,,N= 7 , 34 , 34 , 380 , 724 , 724 , 897 , 1070 , 1449 , 1690 , 1690 , 1449 , 1138 , 1070 , 1138 , 1242 , 1276 , 1138 , 34 , 0 ,1/2 Inch
,,N= 8 , 69 , 552 , 656 , 621 , 586 , 897 , 1070 , 1552 , 1690 , 1552 , 1242 , 1208 , 1208 , 1208 , 1242 , 1208 , 1173 , 1070 , 0 ,1/2 Inch
,,N= 9 , 172 , 448 , 759 , 966 , 1104 , 1449 , 1208 , 1346 , 2036 , 1898 , 2036 , 1760 , 1552 , 1656 , 1656 , 1656 , 1587 , 0 , 0 ,1/2 Inch
,,N= 10 , 172 , 380 , 552 , 759 , 759 , 1552 , 1484 , 1587 , 1622 , 1518 , 1484 , 1449 , 1484 , 1242 , 1208 , 0 , 0 , 0 , 0 ,1/2 Inch
,,N= 11 , 172 , 172 , 380 , 552 , 1000 , 1311 , 1138 , 1138 , 1138 , 1449 , 1242 , 1276 , 1208 , 1104 , 1173 , 1138 , 0 , 0 , 0 ,1/2 Inch
,,N= 12 , 69 , 69 , 69 , 34 , 34 , 104 , 966 , 1414 , 1690 , 1449 , 1449 , 1484 , 1346 , 1311 , 1173 , 1070 , 1070 , 0 , 0 ,1/2 Inch
,,N= 13 , 207 , 483 , 552 , 828 , 862 , 932 , 1208 , 1414 , 1484 , 1622 , 1518 , 1518 , 1414 , 1173 , 1173 , 1173 , 0 , 0 , 0 ,1/2 Inch
,,N= 14 , 276 , 586 , 862 , 897 , 1000 , 1414 , 1690 , 2277 , 3002 , 2312 , 1656 , 1518 , 1449 , 1414 , 1414 , 1518 , 1966 , 1449 , 0 ,1/2 Inch
,,N= 15 , 69 , 69 , 34 , 34 , 586 , 897 , 1208 , 1518 , 1276 , 1552 , 1276 , 1070 , 1070 , 1242 , 1208 , 1276 , 1311 , 0 , 0 ,1/2 Inch
,,N= 16 , 1484 , 1484 , 1173 , 966 , 1138 , 1414 , 1552 , 1449 , 1276 , 1276 , 1346 , 1484 , 1449 , 1518 , 1208 , 966 , 0 , 0 , 0 ,1/2 Inch
,,N= 17 , 69 , 448 , 1138 , 1138 , 1104 , 1449 , 1518 , 1622 , 1484 , 1242 , 1138 , 1000 , 862 , 932 , 932 , 1070 , 0 , 0 , 0 ,1/2 Inch
,,Logger Started
,,N= 1 , 794 , 794 , 897 , 586 , 966 , 862 , 1276 , 1414 , 0 , 0 , 0 , 0 , 0 , 0 , 0 , 0 , 0 , 0 , 0 ,1/2 Inch
,,N= 2 , 276 , 448 , 586 , 932 , 1104 , 1173 , 1276 , 1276 , 1414 , 1863 , 2277 , 2277 , 1898 , 1622 , 1932 , 1863 , 0 , 0 , 0 ,1/2 Inch
,,N= 3 , 69 , 69 , 414 , 586 , 897 , 1070 , 1242 , 1518 , 1518 , 1518 , 1484 , 1242 , 1208 , 1208 , 1208 , 1449 , 1449 , 0 , 0 ,1/2 Inch
,,N= 4 , 794 , 794 , 932 , 1518 , 1690 , 0 , 0 , 0 , 0 , 0 , 0 , 0 , 0 , 0 , 0 , 0 , 0 , 0 , 0 ,1/2 Inch
,,N= 5 , 34 , 34 , 34 , 448 , 656 , 0 , 0 , 0 , 0 , 0 , 0 , 0 , 0 , 0 , 0 , 0 , 0 , 0 , 0 ,1/2 Inch
,,N= 6 , 104 , 104 , 828 , 1104 , 1311 , 1587 , 1760 , 2242 , 1966 , 1898 , 2208 , 2691 , 2312 , 0 , 0 , 0 , 0 , 0 , 0 ,1/2 Inch
,,N= 7 , 172 , 172 , 518 , 1276 , 1518 , 1656 , 1794 , 1552 , 1656 , 1690 , 1622 , 1484 , 1346 , 104 , 0 , 0 , 0 , 0 , 0 ,1/2 Inch
,,N= 8 , 172 , 172 , 207 , 794 , 794 , 1104 , 1276 , 1552 , 1656 , 1449 , 1138 , 1173 , 1208 , 1449 , 1311 , 1173 , 1173 , 0 , 0 ,1/2 Inch
,,N= 9 , 138 , 207 , 276 , 656 , 794 , 794 , 966 , 1208 , 1760 , 2001 , 1966 , 1828 , 1414 , 1242 , 1276 , 1276 , 1208 , 1208 , 0 ,1/2 Inch
,,N= 10 , 34 , 138 , 414 , 759 , 794 , 1000 , 1070 , 1000 , 966 , 1000 , 1104 , 1138 , 1104 , 1138 , 1070 , 414 , 0 , 0 , 0 ,1/2 Inch
,,N= 11 , 34 , 242 , 621 , 794 , 862 , 897 , 932 , 862 , 966 , 1622 , 1484 , 1276 , 1208 , 1208 , 1276 , 1242 , 0 , 0 , 0 ,1/2 Inch
,,N= 12 , 104 , 380 , 828 , 932 , 932 , 1311 , 1518 , 1552 , 1587 , 1552 , 1552 , 1587 , 1311 , 1346 , 1346 , 0 , 0 , 0 , 0 ,1/2 Inch
,,N= 13 , 34 , 34 , 138 , 276 , 414 , 380 , 380 , 310 , 448 , 759 , 932 , 1000 , 1828 , 1414 , 1242 , 1276 , 1242 , 1208 , 0 ,1/2 Inch
,,N= 14 , 34 , 34 , 34 , 518 , 656 , 621 , 724 , 656 , 656 , 656 , 862 , 1000 , 932 , 932 , 1138 , 1070 , 1104 , 932 , 0 ,1/2 Inch
,,N= 15 , 172 , 242 , 483 , 586 , 862 , 862 , 862 , 932 , 1518 , 1587 , 1484 , 1552 , 1414 , 1414 , 1518 , 1311 , 1000 , 0 , 0 ,1/2 Inch
,,N= 16 , 172 , 448 , 656 , 828 , 1070 , 1104 , 1242 , 1449 , 1449 , 1518 , 1311 , 1173 , 1208 , 1311 , 1242 , 1208 , 1173 , 0 , 0 ,1/2 Inch
,,Logger Started
,,N= 1 , 34 , 242 , 242 , 242 , 448 , 621 , 621 , 621 , 656 , 794 , 759 , 862 , 932 , 932 , 862 , 0 , 0 , 0 , 0 ,1/2 Inch
,,N= 2 , 207 , 276 , 242 , 483 , 483 , 518 , 518 , 621 , 759 , 794 , 1346 , 1449 , 1552 , 1518 , 1208 , 1173 , 1070 , 0 , 0 ,1/2 Inch
,,N= 3 , 172 , 207 , 310 , 276 , 448 , 552 , 794 , 897 , 966 , 966 , 966 , 966 , 1208 , 1173 , 1414 , 1311 , 518 , 0 , 0 ,1/2 Inch
,,N= 4 , 69 , 69 , 380 , 380 , 414 , 586 , 932 , 1000 , 1173 , 1138 , 1138 , 1173 , 1242 , 1138 , 1208 , 0 , 0 , 0 , 0 ,1/2 Inch
,,N= 5 , 34 , 104 , 138 , 34 , 34 , 34 , 0 , 0 , 0 , 0 , 0 , 0 , 0 , 0 , 0 , 0 , 0 , 0 , 0 ,1/2 Inch
,,N= 6 , 34 , 34 , 380 , 621 , 862 , 0 , 0 , 0 , 0 , 0 , 0 , 0 , 0 , 0 , 0 , 0 , 0 , 0 , 0 ,1/2 Inch
,,N= 7 , 34 , 104 , 69 , 138 , 414 , 897 , 1414 , 1311 , 1346 , 1484 , 1449 , 1311 , 1276 , 1138 , 172 , 0 , 0 , 0 , 0 ,1/2 Inch
,,N= 8 , 34 , 34 , 276 , 483 , 656 , 656 , 724 , 759 , 759 , 1000 , 1173 , 1104 , 1552 , 1449 , 1138 , 1104 , 1138 , 1208 , 0 ,1/2 Inch
,,N= 9 , 34 , 34 , 207 , 518 , 656 , 724 , 724 , 724 , 966 , 1000 , 759 , 794 , 794 , 586 , 621 , 552 , 621 , 0 , 0 ,1/2 Inch
,,N= 10 , 138 , 380 , 552 , 656 , 794 , 932 , 828 , 897 , 932 , 1070 , 1000 , 1070 , 966 , 897 , 862 , 794 , 0 , 0 , 0 ,1/2 Inch
,,N= 11 , 138 , 380 , 656 , 621 , 828 , 966 , 1276 , 1173 , 1242 , 1104 , 1104 , 1104 , 1070 , 1000 , 1104 , 0 , 0 , 0 , 0 ,1/2 Inch
,,N= 12 , 483 , 483 , 586 , 794 , 932 , 1173 , 1346 , 1173 , 1000 , 862 , 828 , 862 , 0 , 0 , 0 , 0 , 0 , 0 , 0 ,1/2 Inch
,,N= 13 , 69 , 138 , 172 , 138 , 104 , 104 , 518 , 862 , 862 , 897 , 1070 , 897 , 862 , 932 , 897 , 794 , 0 , 0 , 0 ,1/2 Inch
,,N= 14 , 69 , 172 , 310 , 448 , 621 , 1173 , 1311 , 1484 , 1449 , 1276 , 1173 , 1242 , 1104 , 1000 , 34 , 0 , 0 , 0 , 0 ,1/2 Inch
,,N= 15 , 34 , 104 , 380 , 794 , 794 , 759 , 897 , 932 , 1000 , 1070 , 932 , 897 , 862 , 828 , 828 , 828 , 0 , 0 , 0 ,1/2 Inch
,,N= 16 , 34 , 242 , 34 , 34 , 172 , 759 , 794 , 794 , 1070 , 1208 , 1311 , 1449 , 1414 , 0 , 0 , 0 , 0 , 0 , 0 ,1/2 Inch
,,N= 17 , 138 , 172 , 310 , 518 , 724 , 897 , 932 , 828 , 828 , 1000 , 1173 , 1104 , 897 , 862 , 1000 , 1104 , 1173 , 0 , 0 ,1/2 Inch
,,Logger Started
,,N= 1 , 242 , 586 , 794 , 1070 , 1552 , 0 , 0 , 0 , 0 , 0 , 0 , 0 , 0 , 0 , 0 , 0 , 0 , 0 , 0 ,1/2 Inch
,,N= 2 , 276 , 621 , 621 , 621 , 862 , 1000 , 932 , 1208 , 1449 , 1414 , 1414 , 1276 , 1070 , 1070 , 1104 , 34 , 0 , 0 , 0 ,1/2 Inch
,,N= 3 , 414 , 759 , 828 , 862 , 897 , 1070 , 1414 , 1760 , 1690 , 1311 , 1276 , 1276 , 1311 , 1276 , 1346 , 1484 , 1346 , 1104 , 0 ,1/2 Inch
,,N= 4 , 69 , 69 , 794 , 897 , 518 , 552 , 1138 , 1484 , 1311 , 1242 , 1138 , 1104 , 1104 , 1070 , 1173 , 1138 , 1173 , 828 , 0 ,1/2 Inch
,,N= 5 , 69 , 69 , 621 , 621 , 724 , 656 , 828 , 862 , 862 , 794 , 897 , 897 , 862 , 932 , 862 , 897 , 0 , 0 , 0 ,1/2 Inch
,,N= 6 , 104 , 897 , 828 , 828 , 1138 , 932 , 794 , 759 , 897 , 1070 , 932 , 1242 , 1208 , 1208 , 1173 , 1690 , 1828 , 0 , 0 ,1/2 Inch
,,N= 7 , 69 , 380 , 724 , 932 , 897 , 1000 , 1138 , 1208 , 1414 , 1276 , 1208 , 1276 , 1242 , 1276 , 1484 , 1518 , 1518 , 1414 , 0 ,1/2 Inch
,,Logger Started
,,N= 1 , 69 , 138 , 656 , 621 , 862 , 897 , 759 , 966 , 932 , 932 , 1104 , 1070 , 1070 , 1138 , 1173 , 1138 , 1104 , 0 , 0 ,1/2 Inch
,,N= 2 , 380 , 586 , 621 , 724 , 586 , 656 , 724 , 966 , 932 , 1000 , 1104 , 966 , 932 , 1104 , 1173 , 1173 , 1070 , 932 , 0 ,1/2 Inch
,,N= 3 , 207 , 518 , 552 , 724 , 621 , 621 , 586 , 621 , 794 , 1138 , 1070 , 1070 , 1000 , 966 , 1070 , 1000 , 966 , 0 , 0 ,1/2 Inch
,,Logger Started
,,N= 1 , 104 , 104 , 656 , 656 , 724 , 828 , 966 , 1070 , 1690 , 2001 , 1898 , 2139 , 2174 , 2277 , 2312 , 2208 , 2242 , 0 , 0 ,1/2 Inch
,,N= 2 , 586 , 862 , 862 , 932 , 1138 , 1276 , 1276 , 1276 , 1311 , 1690 , 1552 , 1346 , 1346 , 1173 , 759 , 0 , 0 , 0 , 0 ,1/2 Inch
,,N= 3 , 69 , 104 , 518 , 483 , 518 , 724 , 862 , 897 , 1070 , 1138 , 1104 , 1104 , 1104 , 1104 , 1000 , 897 , 0 , 0 , 0 ,1/2 Inch
,,N= 4 , 483 , 414 , 518 , 552 , 552 , 1000 , 966 , 966 , 862 , 828 , 794 , 897 , 759 , 759 , 794 , 828 , 828 , 0 , 0 ,1/2 Inch
,,N= 5 , 414 , 724 , 621 , 621 , 621 , 759 , 1070 , 1173 , 1070 , 1173 , 1346 , 1311 , 1346 , 0 , 1242 , 0 , 0 , 0 , 0 ,1/2 Inch
,,N= 6 , 724 , 897 , 794 , 794 , 966 , 1000 , 1138 , 1311 , 1346 , 1346 , 1346 , 1276 , 1208 , 1242 , 1000 , 0 , 0 , 0 , 0 ,1/2 Inch
,,N= 7 , 586 , 483 , 518 , 586 , 656 , 794 , 897 , 1000 , 1000 , 897 , 862 , 828 , 897 , 932 , 1000 , 1000 , 897 , 0 , 0 ,1/2 Inch
,,N= 8 , 656 , 621 , 552 , 586 , 586 , 724 , 794 , 724 , 1070 , 1208 , 1070 , 966 , 966 , 1070 , 1173 , 1173 , 1138 , 0 , 0 ,1/2 Inch
,,N= 9 , 104 , 104 , 483 , 483 , 586 , 621 , 724 , 759 , 794 , 932 , 1000 , 897 , 897 , 1104 , 1173 , 1104 , 1208 , 1173 , 0 ,1/2 Inch
