253
253
253
253
1
5
31
33
21
22
42
41
38
42
24
0
0
0
0
0
0
0
0
0
83
101
2
1
2
22
47
3
0
0
0
0
0
0
0
0
0
0
0
0
0
0
83
101
253
253
1
5
0
0
0
0
7
0
0
0
0
0
0
0
0
0
0
0
0
0
83
101
2
1
0
0
0
0
0
1
2
0
0
0
0
0
0
0
0
0
0
0
83
101
253
1
2
2
0
0
3
0
0
0
0
0
0
0
0
0
0
0
0
0
0
83
101
253
1
3
4
91
0
76
71
76
126
107
92
84
88
83
74
72
65
0
0
0
83
101
253
253
1
8
12
18
21
29
49
38
45
42
35
37
37
36
36
33
32
28
0
0
83
101
2
1
13
28
27
27
23
41
38
37
41
44
43
37
36
34
34
35
0
0
83
101
253
253
253
1
2
1
13
22
29
31
37
38
37
42
42
41
45
41
35
35
34
33
0
83
101
2
1
1
5
12
14
15
22
26
32
36
0
0
0
0
0
0
0
0
0
83
101
3
13
12
18
28
32
38
31
33
41
38
44
41
37
35
0
0
0
0
0
83
101
4
2
3
18
21
25
25
31
32
32
34
33
35
31
33
33
0
0
0
0
83
101
5
2
2
9
24
27
23
27
32
32
32
37
41
41
41
34
29
29
31
0
83
101
6
1
15
27
34
32
35
45
56
55
53
51
59
61
53
51
54
41
0
0
83
101
7
1
1
11
21
21
26
31
42
49
49
42
33
31
33
36
37
33
1
0
83
101
8
2
16
19
18
17
26
31
45
49
45
36
35
35
35
36
35
34
31
0
83
101
9
5
13
22
28
32
42
35
39
59
55
59
51
45
48
48
48
46
0
0
83
101
10
5
11
16
22
22
45
43
46
47
44
43
42
43
36
35
0
0
0
0
83
101
11
5
5
11
16
29
38
33
33
33
42
36
37
35
32
34
33
0
0
0
83
101
12
2
2
2
1
1
3
28
41
49
42
42
43
39
38
34
31
31
0
0
83
101
13
6
14
16
24
25
27
35
41
43
47
44
44
41
34
34
34
0
0
0
83
101
14
8
17
25
26
29
41
49
66
87
67
48
44
42
41
41
44
57
42
0
83
101
15
2
2
1
1
17
26
35
44
37
45
37
31
31
36
35
37
38
0
0
83
101
16
43
43
34
28
33
41
45
42
37
37
39
43
42
44
35
28
0
0
0
83
101
17
2
13
33
33
32
42
44
47
43
36
33
29
25
27
27
31
0
0
0
83
101
253
1
23
23
26
17
28
25
37
41
0
0
0
0
0
0
0
0
0
0
0
83
101
2
8
13
17
27
32
34
37
37
41
54
66
66
55
47
56
54
0
0
0
83
101
3
2
2
12
17
26
31
36
44
44
44
43
36
35
35
35
42
42
0
0
83
101
4
23
23
27
44
49
0
0
0
0
0
0
0
0
0
0
0
0
0
0
83
101
5
1
1
1
13
19
0
0
0
0
0
0
0
0
0
0
0
0
0
0
83
101
6
3
3
24
32
38
46
51
65
57
55
64
78
67
0
0
0
0
0
0
83
101
7
5
5
15
37
44
48
52
45
48
49
47
43
39
3
0
0
0
0
0
83
101
8
5
5
6
23
23
32
37
45
48
42
33
34
35
42
38
34
34
0
0
83
101
9
4
6
8
19
23
23
28
35
51
58
57
53
41
36
37
37
35
35
0
83
101
10
1
4
12
22
23
29
31
29
28
29
32
33
32
33
31
12
0
0
0
83
101
11
1
7
18
23
25
26
27
25
28
47
43
37
35
35
37
36
0
0
0
83
101
12
3
11
24
27
27
38
44
45
46
45
45
46
38
39
39
0
0
0
0
83
101
13
1
1
4
8
12
11
11
9
13
22
27
29
53
41
36
37
36
35
0
83
101
14
1
1
1
15
19
18
21
19
19
19
25
29
27
27
33
31
32
27
0
83
101
15
5
7
14
17
25
25
25
27
44
46
43
45
41
41
44
38
29
0
0
83
101
16
5
13
19
24
31
32
36
42
42
44
38
34
35
38
36
35
34
0
0
83
101
253
1
1
7
7
7
13
18
18
18
19
23
22
25
27
27
25
0
0
0
0
83
101
2
6
8
7
14
14
15
15
18
22
23
39
42
45
44
35
34
31
0
0
83
101
3
5
6
9
8
13
16
23
26
28
28
28
28
35
34
41
38
15
0
0
83
101
4
2
2
11
11
12
17
27
29
34
33
33
34
36
33
35
0
0
0
0
83
101
5
1
3
4
1
1
1
0
0
0
0
0
0
0
0
0
0
0
0
0
83
101
6
1
1
11
18
25
0
0
0
0
0
0
0
0
0
0
0
0
0
0
83
101
7
1
3
2
4
12
26
41
38
39
43
42
38
37
33
5
0
0
0
0
83
101
8
1
1
8
14
19
19
21
22
22
29
34
32
45
42
33
32
33
35
0
83
101
9
1
1
6
15
19
21
21
21
28
29
22
23
23
17
18
16
18
0
0
83
101
10
4
11
16
19
23
27
24
26
27
31
29
31
28
26
25
23
0
0
0
83
101
11
4
11
19
18
24
28
37
34
36
32
32
32
31
29
32
0
0
0
0
83
101
12
14
14
17
23
27
34
39
34
29
25
24
25
0
0
0
0
0
0
0
83
101
13
2
4
5
4
3
3
15
25
25
26
31
26
25
27
26
23
0
0
0
83
101
14
2
5
9
13
18
34
38
43
42
37
34
36
32
29
1
0
0
0
0
83
101
15
1
3
11
23
23
22
26
27
29
31
27
26
25
24
24
24
0
0
0
83
101
16
1
7
1
1
5
22
23
23
31
35
38
42
41
0
0
0
0
0
0
83
101
17
4
5
9
15
21
26
27
24
24
29
34
32
26
25
29
32
34
0
0
83
101
253
1
7
17
23
31
45
0
0
0
0
0
0
0
0
0
0
0
0
0
0
83
101
2
8
18
18
18
25
29
27
35
42
41
41
37
31
31
32
1
0
0
0
83
101
3
12
22
24
25
26
31
41
51
49
38
37
37
38
37
39
43
39
32
0
83
101
4
2
2
23
26
15
16
33
43
38
36
33
32
32
31
34
33
34
24
0
83
101
5
2
2
18
18
21
19
24
25
25
23
26
26
25
27
25
26
0
0
0
83
101
6
3
26
24
24
33
27
23
22
26
31
27
36
35
35
34
49
53
0
0
83
101
7
2
11
21
27
26
29
33
35
41
37
35
37
36
37
43
44
44
41
0
83
101
253
1
2
4
19
18
25
26
22
28
27
27
32
31
31
33
34
33
32
0
0
83
101
2
11
17
18
21
17
19
21
28
27
29
32
28
27
32
34
34
31
27
0
83
101
3
6
15
16
21
18
18
17
18
23
33
31
31
29
28
31
29
28
0
0
83
101
253
1
3
3
19
19
21
24
28
31
49
58
55
62
63
66
67
64
65
0
0
83
101
2
17
25
25
27
33
37
37
37
38
49
45
39
39
34
22
0
0
0
0
83
101
3
2
3
15
14
15
21
25
26
31
33
32
32
32
32
29
26
0
0
0
83
101
4
14
12
15
16
16
29
28
28
25
24
23
26
22
22
23
24
24
0
0
83
101
5
12
21
18
18
18
22
31
34
31
34
39
38
39
0
36
0
0
0
0
83
101
6
21
26
23
23
28
29
33
38
39
39
39
37
35
36
29
0
0
0
0
83
101
7
17
14
15
17
19
23
26
29
29
26
25
24
26
27
29
29
26
0
0
83
101
8
19
18
16
17
17
21
23
21
31
35
31
28
28
31
34
34
33
0
0
83
101
9
3
3
14
14
17
18
21
22
23
27
29
26
26
32
34
32
35
34
0
83
101
